id,title,publish_time,close_time,resolution,question_id,t,x
206,A is in the I of the beholder #2: Wow this AI is very realistic,2016-04-07 16:15:11+02:00,2016-10-01 02:00:00+02:00,0.0,206,2016-09-29 13:55:25.530897379,0.5
206,A is in the I of the beholder #2: Wow this AI is very realistic,2016-04-07 16:15:11+02:00,2016-10-01 02:00:00+02:00,0.0,206,2016-09-29 14:55:01.702598810,0.48
206,A is in the I of the beholder #2: Wow this AI is very realistic,2016-04-07 16:15:11+02:00,2016-10-01 02:00:00+02:00,0.0,206,2016-08-24 17:51:04.537662029,0.25
206,A is in the I of the beholder #2: Wow this AI is very realistic,2016-04-07 16:15:11+02:00,2016-10-01 02:00:00+02:00,0.0,206,2016-08-24 17:51:04.537662029,0.25
206,A is in the I of the beholder #2: Wow this AI is very realistic,2016-04-07 16:15:11+02:00,2016-10-01 02:00:00+02:00,0.0,206,2016-08-10 04:11:18.645236015,0.53
206,A is in the I of the beholder #2: Wow this AI is very realistic,2016-04-07 16:15:11+02:00,2016-10-01 02:00:00+02:00,0.0,206,2016-04-07 21:25:21.754144907,0.59
206,A is in the I of the beholder #2: Wow this AI is very realistic,2016-04-07 16:15:11+02:00,2016-10-01 02:00:00+02:00,0.0,206,2016-04-07 23:31:47.355343103,0.5
206,A is in the I of the beholder #2: Wow this AI is very realistic,2016-04-07 16:15:11+02:00,2016-10-01 02:00:00+02:00,0.0,206,2016-04-07 23:31:47.355343103,0.5
206,A is in the I of the beholder #2: Wow this AI is very realistic,2016-04-07 16:15:11+02:00,2016-10-01 02:00:00+02:00,0.0,206,2016-04-07 23:31:47.355343103,0.5
206,A is in the I of the beholder #2: Wow this AI is very realistic,2016-04-07 16:15:11+02:00,2016-10-01 02:00:00+02:00,0.0,206,2016-04-07 23:31:47.355343103,0.5
206,A is in the I of the beholder #2: Wow this AI is very realistic,2016-04-07 16:15:11+02:00,2016-10-01 02:00:00+02:00,0.0,206,2016-04-07 23:31:47.355343103,0.5
206,A is in the I of the beholder #2: Wow this AI is very realistic,2016-04-07 16:15:11+02:00,2016-10-01 02:00:00+02:00,0.0,206,2016-04-07 23:31:47.355343103,0.5
206,A is in the I of the beholder #2: Wow this AI is very realistic,2016-04-07 16:15:11+02:00,2016-10-01 02:00:00+02:00,0.0,206,2016-04-07 23:31:47.355343103,0.5
206,A is in the I of the beholder #2: Wow this AI is very realistic,2016-04-07 16:15:11+02:00,2016-10-01 02:00:00+02:00,0.0,206,2016-08-07 18:18:45.692655087,0.75
206,A is in the I of the beholder #2: Wow this AI is very realistic,2016-04-07 16:15:11+02:00,2016-10-01 02:00:00+02:00,0.0,206,2016-08-07 18:18:45.692655087,0.75
206,A is in the I of the beholder #2: Wow this AI is very realistic,2016-04-07 16:15:11+02:00,2016-10-01 02:00:00+02:00,0.0,206,2016-09-01 02:31:43.522912979,0.5
206,A is in the I of the beholder #2: Wow this AI is very realistic,2016-04-07 16:15:11+02:00,2016-10-01 02:00:00+02:00,0.0,206,2016-09-29 16:45:21.010893583,0.75
206,A is in the I of the beholder #2: Wow this AI is very realistic,2016-04-07 16:15:11+02:00,2016-10-01 02:00:00+02:00,0.0,206,2016-09-01 02:31:43.522912979,0.5
206,A is in the I of the beholder #2: Wow this AI is very realistic,2016-04-07 16:15:11+02:00,2016-10-01 02:00:00+02:00,0.0,206,2016-09-29 16:45:21.010893583,0.75
206,A is in the I of the beholder #2: Wow this AI is very realistic,2016-04-07 16:15:11+02:00,2016-10-01 02:00:00+02:00,0.0,206,2016-09-29 16:50:12.064648867,0.2
206,A is in the I of the beholder #2: Wow this AI is very realistic,2016-04-07 16:15:11+02:00,2016-10-01 02:00:00+02:00,0.0,206,2016-09-13 05:42:48.393805981,0.51
206,A is in the I of the beholder #2: Wow this AI is very realistic,2016-04-07 16:15:11+02:00,2016-10-01 02:00:00+02:00,0.0,206,2016-09-13 05:45:25.424788952,0.52
206,A is in the I of the beholder #2: Wow this AI is very realistic,2016-04-07 16:15:11+02:00,2016-10-01 02:00:00+02:00,0.0,206,2016-09-13 05:45:34.603760958,0.51
206,A is in the I of the beholder #2: Wow this AI is very realistic,2016-04-07 16:15:11+02:00,2016-10-01 02:00:00+02:00,0.0,206,2016-09-29 17:48:45.353738546,0.19
206,A is in the I of the beholder #2: Wow this AI is very realistic,2016-04-07 16:15:11+02:00,2016-10-01 02:00:00+02:00,0.0,206,2016-09-29 17:48:45.353738546,0.19
206,A is in the I of the beholder #2: Wow this AI is very realistic,2016-04-07 16:15:11+02:00,2016-10-01 02:00:00+02:00,0.0,206,2016-09-29 18:09:15.425619602,0.01
206,A is in the I of the beholder #2: Wow this AI is very realistic,2016-04-07 16:15:11+02:00,2016-10-01 02:00:00+02:00,0.0,206,2016-09-29 18:33:30.095992088,0.25
206,A is in the I of the beholder #2: Wow this AI is very realistic,2016-04-07 16:15:11+02:00,2016-10-01 02:00:00+02:00,0.0,206,2016-09-29 21:17:24.920246601,0.37
206,A is in the I of the beholder #2: Wow this AI is very realistic,2016-04-07 16:15:11+02:00,2016-10-01 02:00:00+02:00,0.0,206,2016-09-29 21:17:24.920246601,0.37
206,A is in the I of the beholder #2: Wow this AI is very realistic,2016-04-07 16:15:11+02:00,2016-10-01 02:00:00+02:00,0.0,206,2016-09-30 11:20:41.171563148,0.47
206,A is in the I of the beholder #2: Wow this AI is very realistic,2016-04-07 16:15:11+02:00,2016-10-01 02:00:00+02:00,0.0,206,2016-09-30 19:49:07.317242146,0.39
206,A is in the I of the beholder #2: Wow this AI is very realistic,2016-04-07 16:15:11+02:00,2016-10-01 02:00:00+02:00,0.0,206,2016-09-18 14:42:23.871886015,0.37
206,A is in the I of the beholder #2: Wow this AI is very realistic,2016-04-07 16:15:11+02:00,2016-10-01 02:00:00+02:00,0.0,206,2016-09-18 14:42:23.871886015,0.37
206,A is in the I of the beholder #2: Wow this AI is very realistic,2016-04-07 16:15:11+02:00,2016-10-01 02:00:00+02:00,0.0,206,2016-09-13 05:46:37.839278936,0.52
206,A is in the I of the beholder #2: Wow this AI is very realistic,2016-04-07 16:15:11+02:00,2016-10-01 02:00:00+02:00,0.0,206,2016-04-27 10:26:35.314939976,0.34
206,A is in the I of the beholder #2: Wow this AI is very realistic,2016-04-07 16:15:11+02:00,2016-10-01 02:00:00+02:00,0.0,206,2016-09-26 19:58:06.522497891,0.43
206,A is in the I of the beholder #2: Wow this AI is very realistic,2016-04-07 16:15:11+02:00,2016-10-01 02:00:00+02:00,0.0,206,2016-09-26 19:58:06.522497891,0.43
206,A is in the I of the beholder #2: Wow this AI is very realistic,2016-04-07 16:15:11+02:00,2016-10-01 02:00:00+02:00,0.0,206,2016-08-08 07:34:20.067814112,0.57
206,A is in the I of the beholder #2: Wow this AI is very realistic,2016-04-07 16:15:11+02:00,2016-10-01 02:00:00+02:00,0.0,206,2016-09-21 21:17:09.922786951,0.5
206,A is in the I of the beholder #2: Wow this AI is very realistic,2016-04-07 16:15:11+02:00,2016-10-01 02:00:00+02:00,0.0,206,2016-09-30 18:23:15.978237391,0.48
206,A is in the I of the beholder #2: Wow this AI is very realistic,2016-04-07 16:15:11+02:00,2016-10-01 02:00:00+02:00,0.0,206,2016-09-30 18:23:24.180737972,0.47
206,A is in the I of the beholder #2: Wow this AI is very realistic,2016-04-07 16:15:11+02:00,2016-10-01 02:00:00+02:00,0.0,206,2016-09-30 18:45:03.345095634,0.48
206,A is in the I of the beholder #2: Wow this AI is very realistic,2016-04-07 16:15:11+02:00,2016-10-01 02:00:00+02:00,0.0,206,2016-09-21 21:17:09.922786951,0.5
206,A is in the I of the beholder #2: Wow this AI is very realistic,2016-04-07 16:15:11+02:00,2016-10-01 02:00:00+02:00,0.0,206,2016-09-30 18:23:15.978237391,0.48
206,A is in the I of the beholder #2: Wow this AI is very realistic,2016-04-07 16:15:11+02:00,2016-10-01 02:00:00+02:00,0.0,206,2016-09-30 18:23:24.180737972,0.47
206,A is in the I of the beholder #2: Wow this AI is very realistic,2016-04-07 16:15:11+02:00,2016-10-01 02:00:00+02:00,0.0,206,2016-09-30 18:45:03.345095634,0.48
206,A is in the I of the beholder #2: Wow this AI is very realistic,2016-04-07 16:15:11+02:00,2016-10-01 02:00:00+02:00,0.0,206,2016-04-08 08:13:46.483975887,0.55
206,A is in the I of the beholder #2: Wow this AI is very realistic,2016-04-07 16:15:11+02:00,2016-10-01 02:00:00+02:00,0.0,206,2016-04-08 08:13:46.483975887,0.55
206,A is in the I of the beholder #2: Wow this AI is very realistic,2016-04-07 16:15:11+02:00,2016-10-01 02:00:00+02:00,0.0,206,2016-04-15 01:46:26.632144928,0.01
206,A is in the I of the beholder #2: Wow this AI is very realistic,2016-04-07 16:15:11+02:00,2016-10-01 02:00:00+02:00,0.0,206,2016-04-15 01:46:48.333662987,0.49
206,A is in the I of the beholder #2: Wow this AI is very realistic,2016-04-07 16:15:11+02:00,2016-10-01 02:00:00+02:00,0.0,206,2016-04-15 01:46:50.702409983,0.01
206,A is in the I of the beholder #2: Wow this AI is very realistic,2016-04-07 16:15:11+02:00,2016-10-01 02:00:00+02:00,0.0,206,2016-04-15 01:46:59.964355946,0.25
206,A is in the I of the beholder #2: Wow this AI is very realistic,2016-04-07 16:15:11+02:00,2016-10-01 02:00:00+02:00,0.0,206,2016-04-12 19:42:50.158265114,0.5
206,A is in the I of the beholder #2: Wow this AI is very realistic,2016-04-07 16:15:11+02:00,2016-10-01 02:00:00+02:00,0.0,206,2016-04-19 15:36:56.682862997,0.13
206,A is in the I of the beholder #2: Wow this AI is very realistic,2016-04-07 16:15:11+02:00,2016-10-01 02:00:00+02:00,0.0,206,2016-09-15 07:20:04.619364023,0.25
206,A is in the I of the beholder #2: Wow this AI is very realistic,2016-04-07 16:15:11+02:00,2016-10-01 02:00:00+02:00,0.0,206,2016-09-15 07:20:04.619364023,0.25
206,A is in the I of the beholder #2: Wow this AI is very realistic,2016-04-07 16:15:11+02:00,2016-10-01 02:00:00+02:00,0.0,206,2016-09-17 02:42:10.745322943,0.01
206,A is in the I of the beholder #2: Wow this AI is very realistic,2016-04-07 16:15:11+02:00,2016-10-01 02:00:00+02:00,0.0,206,2016-09-17 02:42:10.745322943,0.01
206,A is in the I of the beholder #2: Wow this AI is very realistic,2016-04-07 16:15:11+02:00,2016-10-01 02:00:00+02:00,0.0,206,2016-04-08 00:27:28.895436049,0.5
206,A is in the I of the beholder #2: Wow this AI is very realistic,2016-04-07 16:15:11+02:00,2016-10-01 02:00:00+02:00,0.0,206,2016-09-05 01:01:51.361320972,0.41
206,A is in the I of the beholder #2: Wow this AI is very realistic,2016-04-07 16:15:11+02:00,2016-10-01 02:00:00+02:00,0.0,206,2016-09-12 01:05:18.502850056,0.42
206,A is in the I of the beholder #2: Wow this AI is very realistic,2016-04-07 16:15:11+02:00,2016-10-01 02:00:00+02:00,0.0,206,2016-09-28 04:40:25.791229010,0.05
206,A is in the I of the beholder #2: Wow this AI is very realistic,2016-04-07 16:15:11+02:00,2016-10-01 02:00:00+02:00,0.0,206,2016-04-08 00:27:28.895436049,0.5
206,A is in the I of the beholder #2: Wow this AI is very realistic,2016-04-07 16:15:11+02:00,2016-10-01 02:00:00+02:00,0.0,206,2016-09-05 01:01:51.361320972,0.41
206,A is in the I of the beholder #2: Wow this AI is very realistic,2016-04-07 16:15:11+02:00,2016-10-01 02:00:00+02:00,0.0,206,2016-09-12 01:05:18.502850056,0.42
206,A is in the I of the beholder #2: Wow this AI is very realistic,2016-04-07 16:15:11+02:00,2016-10-01 02:00:00+02:00,0.0,206,2016-09-28 04:40:25.791229010,0.05
206,A is in the I of the beholder #2: Wow this AI is very realistic,2016-04-07 16:15:11+02:00,2016-10-01 02:00:00+02:00,0.0,206,2016-08-03 08:33:57.056658983,0.35
206,A is in the I of the beholder #2: Wow this AI is very realistic,2016-04-07 16:15:11+02:00,2016-10-01 02:00:00+02:00,0.0,206,2016-04-27 07:53:57.136490107,0.8
206,A is in the I of the beholder #2: Wow this AI is very realistic,2016-04-07 16:15:11+02:00,2016-10-01 02:00:00+02:00,0.0,206,2016-04-27 07:53:57.136490107,0.8
206,A is in the I of the beholder #2: Wow this AI is very realistic,2016-04-07 16:15:11+02:00,2016-10-01 02:00:00+02:00,0.0,206,2016-06-07 16:45:48.037089109,0.61
206,A is in the I of the beholder #2: Wow this AI is very realistic,2016-04-07 16:15:11+02:00,2016-10-01 02:00:00+02:00,0.0,206,2016-06-07 16:45:48.037089109,0.61
206,A is in the I of the beholder #2: Wow this AI is very realistic,2016-04-07 16:15:11+02:00,2016-10-01 02:00:00+02:00,0.0,206,2016-09-16 09:37:29.325319052,0.01
206,A is in the I of the beholder #2: Wow this AI is very realistic,2016-04-07 16:15:11+02:00,2016-10-01 02:00:00+02:00,0.0,206,2016-09-26 01:18:14.040504932,0.76
206,A is in the I of the beholder #2: Wow this AI is very realistic,2016-04-07 16:15:11+02:00,2016-10-01 02:00:00+02:00,0.0,206,2016-09-07 11:52:13.721585989,0.71
206,A is in the I of the beholder #2: Wow this AI is very realistic,2016-04-07 16:15:11+02:00,2016-10-01 02:00:00+02:00,0.0,206,2016-09-07 11:52:13.721585989,0.71
206,A is in the I of the beholder #2: Wow this AI is very realistic,2016-04-07 16:15:11+02:00,2016-10-01 02:00:00+02:00,0.0,206,2016-04-28 06:13:46.942011118,0.38
206,A is in the I of the beholder #2: Wow this AI is very realistic,2016-04-07 16:15:11+02:00,2016-10-01 02:00:00+02:00,0.0,206,2016-04-21 08:32:38.891071081,0.35
206,A is in the I of the beholder #2: Wow this AI is very realistic,2016-04-07 16:15:11+02:00,2016-10-01 02:00:00+02:00,0.0,206,2016-04-21 08:32:38.891071081,0.35
206,A is in the I of the beholder #2: Wow this AI is very realistic,2016-04-07 16:15:11+02:00,2016-10-01 02:00:00+02:00,0.0,206,2016-08-06 11:52:13.822333097,0.42
206,A is in the I of the beholder #2: Wow this AI is very realistic,2016-04-07 16:15:11+02:00,2016-10-01 02:00:00+02:00,0.0,206,2016-08-06 11:52:13.822333097,0.42
206,A is in the I of the beholder #2: Wow this AI is very realistic,2016-04-07 16:15:11+02:00,2016-10-01 02:00:00+02:00,0.0,206,2016-08-06 11:52:13.822333097,0.42
206,A is in the I of the beholder #2: Wow this AI is very realistic,2016-04-07 16:15:11+02:00,2016-10-01 02:00:00+02:00,0.0,206,2016-07-27 16:26:32.084944010,0.55
206,A is in the I of the beholder #2: Wow this AI is very realistic,2016-04-07 16:15:11+02:00,2016-10-01 02:00:00+02:00,0.0,206,2016-08-02 05:11:21.076668978,0.99
206,A is in the I of the beholder #2: Wow this AI is very realistic,2016-04-07 16:15:11+02:00,2016-10-01 02:00:00+02:00,0.0,206,2016-09-17 09:34:55.517807007,0.5
206,A is in the I of the beholder #2: Wow this AI is very realistic,2016-04-07 16:15:11+02:00,2016-10-01 02:00:00+02:00,0.0,206,2016-09-17 09:34:55.517807007,0.5
206,A is in the I of the beholder #2: Wow this AI is very realistic,2016-04-07 16:15:11+02:00,2016-10-01 02:00:00+02:00,0.0,206,2016-09-16 17:16:15.139154911,0.6
206,A is in the I of the beholder #2: Wow this AI is very realistic,2016-04-07 16:15:11+02:00,2016-10-01 02:00:00+02:00,0.0,206,2016-09-16 17:16:15.139154911,0.6
206,A is in the I of the beholder #2: Wow this AI is very realistic,2016-04-07 16:15:11+02:00,2016-10-01 02:00:00+02:00,0.0,206,2016-04-09 03:34:05.751693964,0.6
206,A is in the I of the beholder #2: Wow this AI is very realistic,2016-04-07 16:15:11+02:00,2016-10-01 02:00:00+02:00,0.0,206,2016-09-17 02:31:10.574142933,0.43
206,A is in the I of the beholder #2: Wow this AI is very realistic,2016-04-07 16:15:11+02:00,2016-10-01 02:00:00+02:00,0.0,206,2016-09-15 05:42:22.035334110,0.52
206,A is in the I of the beholder #2: Wow this AI is very realistic,2016-04-07 16:15:11+02:00,2016-10-01 02:00:00+02:00,0.0,206,2016-04-07 14:34:01.768574953,0.01
206,A is in the I of the beholder #2: Wow this AI is very realistic,2016-04-07 16:15:11+02:00,2016-10-01 02:00:00+02:00,0.0,206,2016-04-07 14:37:06.734370947,0.1
206,A is in the I of the beholder #2: Wow this AI is very realistic,2016-04-07 16:15:11+02:00,2016-10-01 02:00:00+02:00,0.0,206,2016-07-18 18:18:04.628783941,0.04
206,A is in the I of the beholder #2: Wow this AI is very realistic,2016-04-07 16:15:11+02:00,2016-10-01 02:00:00+02:00,0.0,206,2016-04-07 14:34:01.768574953,0.01
206,A is in the I of the beholder #2: Wow this AI is very realistic,2016-04-07 16:15:11+02:00,2016-10-01 02:00:00+02:00,0.0,206,2016-04-07 14:37:06.734370947,0.1
206,A is in the I of the beholder #2: Wow this AI is very realistic,2016-04-07 16:15:11+02:00,2016-10-01 02:00:00+02:00,0.0,206,2016-07-18 18:18:04.628783941,0.04
206,A is in the I of the beholder #2: Wow this AI is very realistic,2016-04-07 16:15:11+02:00,2016-10-01 02:00:00+02:00,0.0,206,2016-04-07 14:34:01.768574953,0.01
206,A is in the I of the beholder #2: Wow this AI is very realistic,2016-04-07 16:15:11+02:00,2016-10-01 02:00:00+02:00,0.0,206,2016-04-07 14:37:06.734370947,0.1
206,A is in the I of the beholder #2: Wow this AI is very realistic,2016-04-07 16:15:11+02:00,2016-10-01 02:00:00+02:00,0.0,206,2016-07-18 18:18:04.628783941,0.04
206,A is in the I of the beholder #2: Wow this AI is very realistic,2016-04-07 16:15:11+02:00,2016-10-01 02:00:00+02:00,0.0,206,2016-04-07 14:34:01.768574953,0.01
206,A is in the I of the beholder #2: Wow this AI is very realistic,2016-04-07 16:15:11+02:00,2016-10-01 02:00:00+02:00,0.0,206,2016-04-07 14:37:06.734370947,0.1
206,A is in the I of the beholder #2: Wow this AI is very realistic,2016-04-07 16:15:11+02:00,2016-10-01 02:00:00+02:00,0.0,206,2016-07-18 18:18:04.628783941,0.04
206,A is in the I of the beholder #2: Wow this AI is very realistic,2016-04-07 16:15:11+02:00,2016-10-01 02:00:00+02:00,0.0,206,2016-04-07 14:34:01.768574953,0.01
206,A is in the I of the beholder #2: Wow this AI is very realistic,2016-04-07 16:15:11+02:00,2016-10-01 02:00:00+02:00,0.0,206,2016-04-07 14:37:06.734370947,0.1
206,A is in the I of the beholder #2: Wow this AI is very realistic,2016-04-07 16:15:11+02:00,2016-10-01 02:00:00+02:00,0.0,206,2016-07-18 18:18:04.628783941,0.04
206,A is in the I of the beholder #2: Wow this AI is very realistic,2016-04-07 16:15:11+02:00,2016-10-01 02:00:00+02:00,0.0,206,2016-08-13 23:05:53.705823898,0.5
206,A is in the I of the beholder #2: Wow this AI is very realistic,2016-04-07 16:15:11+02:00,2016-10-01 02:00:00+02:00,0.0,206,2016-08-13 23:05:53.705823898,0.5
206,A is in the I of the beholder #2: Wow this AI is very realistic,2016-04-07 16:15:11+02:00,2016-10-01 02:00:00+02:00,0.0,206,2016-08-06 20:04:17.282399893,0.12
206,A is in the I of the beholder #2: Wow this AI is very realistic,2016-04-07 16:15:11+02:00,2016-10-01 02:00:00+02:00,0.0,206,2016-08-06 20:04:17.282399893,0.12
206,A is in the I of the beholder #2: Wow this AI is very realistic,2016-04-07 16:15:11+02:00,2016-10-01 02:00:00+02:00,0.0,206,2016-08-06 20:04:17.282399893,0.12
206,A is in the I of the beholder #2: Wow this AI is very realistic,2016-04-07 16:15:11+02:00,2016-10-01 02:00:00+02:00,0.0,206,2016-09-14 16:44:11.056993961,0.36
206,A is in the I of the beholder #2: Wow this AI is very realistic,2016-04-07 16:15:11+02:00,2016-10-01 02:00:00+02:00,0.0,206,2016-07-26 23:19:00.904342890,0.51
206,A is in the I of the beholder #2: Wow this AI is very realistic,2016-04-07 16:15:11+02:00,2016-10-01 02:00:00+02:00,0.0,206,2016-07-26 23:19:00.904342890,0.51
206,A is in the I of the beholder #2: Wow this AI is very realistic,2016-04-07 16:15:11+02:00,2016-10-01 02:00:00+02:00,0.0,206,2016-04-08 20:19:11.603748083,0.35
206,A is in the I of the beholder #2: Wow this AI is very realistic,2016-04-07 16:15:11+02:00,2016-10-01 02:00:00+02:00,0.0,206,2016-04-08 20:19:11.603748083,0.35
206,A is in the I of the beholder #2: Wow this AI is very realistic,2016-04-07 16:15:11+02:00,2016-10-01 02:00:00+02:00,0.0,206,2016-04-08 20:19:11.603748083,0.35
206,A is in the I of the beholder #2: Wow this AI is very realistic,2016-04-07 16:15:11+02:00,2016-10-01 02:00:00+02:00,0.0,206,2016-04-07 15:01:47.087234974,0.5
206,A is in the I of the beholder #2: Wow this AI is very realistic,2016-04-07 16:15:11+02:00,2016-10-01 02:00:00+02:00,0.0,206,2016-04-07 15:02:53.855607033,0.99
206,A is in the I of the beholder #2: Wow this AI is very realistic,2016-04-07 16:15:11+02:00,2016-10-01 02:00:00+02:00,0.0,206,2016-09-12 04:22:12.628731012,0.38
206,A is in the I of the beholder #2: Wow this AI is very realistic,2016-04-07 16:15:11+02:00,2016-10-01 02:00:00+02:00,0.0,206,2016-04-07 15:01:47.087234974,0.5
206,A is in the I of the beholder #2: Wow this AI is very realistic,2016-04-07 16:15:11+02:00,2016-10-01 02:00:00+02:00,0.0,206,2016-04-07 15:02:53.855607033,0.99
206,A is in the I of the beholder #2: Wow this AI is very realistic,2016-04-07 16:15:11+02:00,2016-10-01 02:00:00+02:00,0.0,206,2016-09-12 04:22:12.628731012,0.38
206,A is in the I of the beholder #2: Wow this AI is very realistic,2016-04-07 16:15:11+02:00,2016-10-01 02:00:00+02:00,0.0,206,2016-08-01 12:33:58.811552048,0.5
206,A is in the I of the beholder #2: Wow this AI is very realistic,2016-04-07 16:15:11+02:00,2016-10-01 02:00:00+02:00,0.0,206,2016-08-01 12:33:58.811552048,0.5
206,A is in the I of the beholder #2: Wow this AI is very realistic,2016-04-07 16:15:11+02:00,2016-10-01 02:00:00+02:00,0.0,206,2016-04-08 00:22:09.622926950,0.38
206,A is in the I of the beholder #2: Wow this AI is very realistic,2016-04-07 16:15:11+02:00,2016-10-01 02:00:00+02:00,0.0,206,2016-04-08 00:22:09.622926950,0.38
206,A is in the I of the beholder #2: Wow this AI is very realistic,2016-04-07 16:15:11+02:00,2016-10-01 02:00:00+02:00,0.0,206,2016-04-08 00:22:09.622926950,0.38
206,A is in the I of the beholder #2: Wow this AI is very realistic,2016-04-07 16:15:11+02:00,2016-10-01 02:00:00+02:00,0.0,206,2016-04-08 00:22:09.622926950,0.38
206,A is in the I of the beholder #2: Wow this AI is very realistic,2016-04-07 16:15:11+02:00,2016-10-01 02:00:00+02:00,0.0,206,2016-04-08 11:19:07.640288115,0.5
206,A is in the I of the beholder #2: Wow this AI is very realistic,2016-04-07 16:15:11+02:00,2016-10-01 02:00:00+02:00,0.0,206,2016-04-08 11:19:07.640288115,0.5
206,A is in the I of the beholder #2: Wow this AI is very realistic,2016-04-07 16:15:11+02:00,2016-10-01 02:00:00+02:00,0.0,206,2016-04-08 11:19:07.640288115,0.5
206,A is in the I of the beholder #2: Wow this AI is very realistic,2016-04-07 16:15:11+02:00,2016-10-01 02:00:00+02:00,0.0,206,2016-08-12 21:27:35.243366003,0.5
206,A is in the I of the beholder #2: Wow this AI is very realistic,2016-04-07 16:15:11+02:00,2016-10-01 02:00:00+02:00,0.0,206,2016-06-29 06:07:19.921700001,0.39
206,A is in the I of the beholder #2: Wow this AI is very realistic,2016-04-07 16:15:11+02:00,2016-10-01 02:00:00+02:00,0.0,206,2016-06-29 06:07:19.921700001,0.39
206,A is in the I of the beholder #2: Wow this AI is very realistic,2016-04-07 16:15:11+02:00,2016-10-01 02:00:00+02:00,0.0,206,2016-06-26 17:35:03.363025904,0.45
206,A is in the I of the beholder #2: Wow this AI is very realistic,2016-04-07 16:15:11+02:00,2016-10-01 02:00:00+02:00,0.0,206,2016-06-20 14:10:10.722330093,0.24
206,A is in the I of the beholder #2: Wow this AI is very realistic,2016-04-07 16:15:11+02:00,2016-10-01 02:00:00+02:00,0.0,206,2016-04-26 11:50:40.886409044,0.5
206,A is in the I of the beholder #2: Wow this AI is very realistic,2016-04-07 16:15:11+02:00,2016-10-01 02:00:00+02:00,0.0,206,2016-09-30 09:54:42.933916569,0.44
206,A is in the I of the beholder #2: Wow this AI is very realistic,2016-04-07 16:15:11+02:00,2016-10-01 02:00:00+02:00,0.0,206,2016-04-26 11:50:40.886409044,0.5
206,A is in the I of the beholder #2: Wow this AI is very realistic,2016-04-07 16:15:11+02:00,2016-10-01 02:00:00+02:00,0.0,206,2016-09-30 09:54:42.933916569,0.44
206,A is in the I of the beholder #2: Wow this AI is very realistic,2016-04-07 16:15:11+02:00,2016-10-01 02:00:00+02:00,0.0,206,2016-04-26 11:50:40.886409044,0.5
206,A is in the I of the beholder #2: Wow this AI is very realistic,2016-04-07 16:15:11+02:00,2016-10-01 02:00:00+02:00,0.0,206,2016-09-30 09:54:42.933916569,0.44
206,A is in the I of the beholder #2: Wow this AI is very realistic,2016-04-07 16:15:11+02:00,2016-10-01 02:00:00+02:00,0.0,206,2016-09-16 20:21:24.573101997,0.3
206,A is in the I of the beholder #2: Wow this AI is very realistic,2016-04-07 16:15:11+02:00,2016-10-01 02:00:00+02:00,0.0,206,2016-04-15 06:24:16.125715971,0.36
206,A is in the I of the beholder #2: Wow this AI is very realistic,2016-04-07 16:15:11+02:00,2016-10-01 02:00:00+02:00,0.0,206,2016-04-15 06:24:16.125715971,0.36
206,A is in the I of the beholder #2: Wow this AI is very realistic,2016-04-07 16:15:11+02:00,2016-10-01 02:00:00+02:00,0.0,206,2016-09-23 16:50:19.472515106,0.41
206,A is in the I of the beholder #2: Wow this AI is very realistic,2016-04-07 16:15:11+02:00,2016-10-01 02:00:00+02:00,0.0,206,2016-09-23 16:50:19.472515106,0.41
206,A is in the I of the beholder #2: Wow this AI is very realistic,2016-04-07 16:15:11+02:00,2016-10-01 02:00:00+02:00,0.0,206,2016-09-28 20:52:32.044434071,0.43
206,A is in the I of the beholder #2: Wow this AI is very realistic,2016-04-07 16:15:11+02:00,2016-10-01 02:00:00+02:00,0.0,206,2016-09-28 20:52:32.044434071,0.43
206,A is in the I of the beholder #2: Wow this AI is very realistic,2016-04-07 16:15:11+02:00,2016-10-01 02:00:00+02:00,0.0,206,2016-09-02 17:21:36.809405088,0.31
206,A is in the I of the beholder #2: Wow this AI is very realistic,2016-04-07 16:15:11+02:00,2016-10-01 02:00:00+02:00,0.0,206,2016-09-28 17:13:18.523389101,0.3
206,A is in the I of the beholder #2: Wow this AI is very realistic,2016-04-07 16:15:11+02:00,2016-10-01 02:00:00+02:00,0.0,206,2016-09-28 17:13:18.523389101,0.3
206,A is in the I of the beholder #2: Wow this AI is very realistic,2016-04-07 16:15:11+02:00,2016-10-01 02:00:00+02:00,0.0,206,2016-09-28 17:13:18.523389101,0.3
206,A is in the I of the beholder #2: Wow this AI is very realistic,2016-04-07 16:15:11+02:00,2016-10-01 02:00:00+02:00,0.0,206,2016-09-28 17:13:18.523389101,0.3
206,A is in the I of the beholder #2: Wow this AI is very realistic,2016-04-07 16:15:11+02:00,2016-10-01 02:00:00+02:00,0.0,206,2016-04-07 21:50:45.175879955,0.4
206,A is in the I of the beholder #2: Wow this AI is very realistic,2016-04-07 16:15:11+02:00,2016-10-01 02:00:00+02:00,0.0,206,2016-04-07 21:50:45.175879955,0.4
206,A is in the I of the beholder #2: Wow this AI is very realistic,2016-04-07 16:15:11+02:00,2016-10-01 02:00:00+02:00,0.0,206,2016-04-07 21:50:45.175879955,0.4
206,A is in the I of the beholder #2: Wow this AI is very realistic,2016-04-07 16:15:11+02:00,2016-10-01 02:00:00+02:00,0.0,206,2016-04-07 21:50:45.175879955,0.4
206,A is in the I of the beholder #2: Wow this AI is very realistic,2016-04-07 16:15:11+02:00,2016-10-01 02:00:00+02:00,0.0,206,2016-08-07 15:29:52.931593895,0.55
206,A is in the I of the beholder #2: Wow this AI is very realistic,2016-04-07 16:15:11+02:00,2016-10-01 02:00:00+02:00,0.0,206,2016-07-28 13:19:49.329807043,0.25
206,A is in the I of the beholder #2: Wow this AI is very realistic,2016-04-07 16:15:11+02:00,2016-10-01 02:00:00+02:00,0.0,206,2016-07-28 13:19:49.329807043,0.25
206,A is in the I of the beholder #2: Wow this AI is very realistic,2016-04-07 16:15:11+02:00,2016-10-01 02:00:00+02:00,0.0,206,2016-08-02 22:40:39.655020952,0.68
206,A is in the I of the beholder #2: Wow this AI is very realistic,2016-04-07 16:15:11+02:00,2016-10-01 02:00:00+02:00,0.0,206,2016-07-26 23:14:42.670998096,0.88
206,A is in the I of the beholder #2: Wow this AI is very realistic,2016-04-07 16:15:11+02:00,2016-10-01 02:00:00+02:00,0.0,206,2016-07-26 23:14:42.670998096,0.88
206,A is in the I of the beholder #2: Wow this AI is very realistic,2016-04-07 16:15:11+02:00,2016-10-01 02:00:00+02:00,0.0,206,2016-07-23 18:56:01.067627907,0.38
206,A is in the I of the beholder #2: Wow this AI is very realistic,2016-04-07 16:15:11+02:00,2016-10-01 02:00:00+02:00,0.0,206,2016-07-23 18:56:01.067627907,0.38
206,A is in the I of the beholder #2: Wow this AI is very realistic,2016-04-07 16:15:11+02:00,2016-10-01 02:00:00+02:00,0.0,206,2016-09-16 20:01:06.203459978,0.41
206,A is in the I of the beholder #2: Wow this AI is very realistic,2016-04-07 16:15:11+02:00,2016-10-01 02:00:00+02:00,0.0,206,2016-09-16 20:01:06.203459978,0.41
206,A is in the I of the beholder #2: Wow this AI is very realistic,2016-04-07 16:15:11+02:00,2016-10-01 02:00:00+02:00,0.0,206,2016-04-07 19:05:47.579240084,0.61
206,A is in the I of the beholder #2: Wow this AI is very realistic,2016-04-07 16:15:11+02:00,2016-10-01 02:00:00+02:00,0.0,206,2016-04-07 19:05:47.579240084,0.61
206,A is in the I of the beholder #2: Wow this AI is very realistic,2016-04-07 16:15:11+02:00,2016-10-01 02:00:00+02:00,0.0,206,2016-04-08 04:07:02.466562986,0.2
206,A is in the I of the beholder #2: Wow this AI is very realistic,2016-04-07 16:15:11+02:00,2016-10-01 02:00:00+02:00,0.0,206,2016-09-30 01:41:49.135383844,0.22
206,A is in the I of the beholder #2: Wow this AI is very realistic,2016-04-07 16:15:11+02:00,2016-10-01 02:00:00+02:00,0.0,206,2016-04-08 04:07:02.466562986,0.2
206,A is in the I of the beholder #2: Wow this AI is very realistic,2016-04-07 16:15:11+02:00,2016-10-01 02:00:00+02:00,0.0,206,2016-09-30 01:41:49.135383844,0.22
206,A is in the I of the beholder #2: Wow this AI is very realistic,2016-04-07 16:15:11+02:00,2016-10-01 02:00:00+02:00,0.0,206,2016-04-08 04:07:02.466562986,0.2
206,A is in the I of the beholder #2: Wow this AI is very realistic,2016-04-07 16:15:11+02:00,2016-10-01 02:00:00+02:00,0.0,206,2016-09-30 01:41:49.135383844,0.22
206,A is in the I of the beholder #2: Wow this AI is very realistic,2016-04-07 16:15:11+02:00,2016-10-01 02:00:00+02:00,0.0,206,2016-04-08 04:07:02.466562986,0.2
206,A is in the I of the beholder #2: Wow this AI is very realistic,2016-04-07 16:15:11+02:00,2016-10-01 02:00:00+02:00,0.0,206,2016-09-30 01:41:49.135383844,0.22
206,A is in the I of the beholder #2: Wow this AI is very realistic,2016-04-07 16:15:11+02:00,2016-10-01 02:00:00+02:00,0.0,206,2016-04-08 04:07:02.466562986,0.2
206,A is in the I of the beholder #2: Wow this AI is very realistic,2016-04-07 16:15:11+02:00,2016-10-01 02:00:00+02:00,0.0,206,2016-09-30 01:41:49.135383844,0.22
206,A is in the I of the beholder #2: Wow this AI is very realistic,2016-04-07 16:15:11+02:00,2016-10-01 02:00:00+02:00,0.0,206,2016-09-20 13:53:46.531323910,0.29
206,A is in the I of the beholder #2: Wow this AI is very realistic,2016-04-07 16:15:11+02:00,2016-10-01 02:00:00+02:00,0.0,206,2016-04-08 02:32:00.377958059,0.5
206,A is in the I of the beholder #2: Wow this AI is very realistic,2016-04-07 16:15:11+02:00,2016-10-01 02:00:00+02:00,0.0,206,2016-07-24 00:05:39.677164078,0.3
206,A is in the I of the beholder #2: Wow this AI is very realistic,2016-04-07 16:15:11+02:00,2016-10-01 02:00:00+02:00,0.0,206,2016-07-24 00:05:39.677164078,0.3
206,A is in the I of the beholder #2: Wow this AI is very realistic,2016-04-07 16:15:11+02:00,2016-10-01 02:00:00+02:00,0.0,206,2016-07-24 00:05:39.677164078,0.3
206,A is in the I of the beholder #2: Wow this AI is very realistic,2016-04-07 16:15:11+02:00,2016-10-01 02:00:00+02:00,0.0,206,2016-09-26 21:12:38.640579939,0.5
206,A is in the I of the beholder #2: Wow this AI is very realistic,2016-04-07 16:15:11+02:00,2016-10-01 02:00:00+02:00,0.0,206,2016-09-26 21:12:38.640579939,0.5
206,A is in the I of the beholder #2: Wow this AI is very realistic,2016-04-07 16:15:11+02:00,2016-10-01 02:00:00+02:00,0.0,206,2016-04-28 06:13:05.683923006,0.38
206,A is in the I of the beholder #2: Wow this AI is very realistic,2016-04-07 16:15:11+02:00,2016-10-01 02:00:00+02:00,0.0,206,2016-04-28 06:13:05.683923006,0.38
206,A is in the I of the beholder #2: Wow this AI is very realistic,2016-04-07 16:15:11+02:00,2016-10-01 02:00:00+02:00,0.0,206,2016-04-28 06:13:05.683923006,0.38
206,A is in the I of the beholder #2: Wow this AI is very realistic,2016-04-07 16:15:11+02:00,2016-10-01 02:00:00+02:00,0.0,206,2016-04-28 06:13:05.683923006,0.38
206,A is in the I of the beholder #2: Wow this AI is very realistic,2016-04-07 16:15:11+02:00,2016-10-01 02:00:00+02:00,0.0,206,2016-04-28 06:13:05.683923006,0.38
206,A is in the I of the beholder #2: Wow this AI is very realistic,2016-04-07 16:15:11+02:00,2016-10-01 02:00:00+02:00,0.0,206,2016-04-28 06:13:05.683923006,0.38
206,A is in the I of the beholder #2: Wow this AI is very realistic,2016-04-07 16:15:11+02:00,2016-10-01 02:00:00+02:00,0.0,206,2016-07-27 04:00:33.993638992,0.4
206,A is in the I of the beholder #2: Wow this AI is very realistic,2016-04-07 16:15:11+02:00,2016-10-01 02:00:00+02:00,0.0,206,2016-07-27 04:00:33.993638992,0.4
206,A is in the I of the beholder #2: Wow this AI is very realistic,2016-04-07 16:15:11+02:00,2016-10-01 02:00:00+02:00,0.0,206,2016-04-07 15:07:38.295365095,0.56
206,A is in the I of the beholder #2: Wow this AI is very realistic,2016-04-07 16:15:11+02:00,2016-10-01 02:00:00+02:00,0.0,206,2016-04-07 15:08:32.800379038,0.99
206,A is in the I of the beholder #2: Wow this AI is very realistic,2016-04-07 16:15:11+02:00,2016-10-01 02:00:00+02:00,0.0,206,2016-04-07 15:09:19.176892996,0.73
206,A is in the I of the beholder #2: Wow this AI is very realistic,2016-04-07 16:15:11+02:00,2016-10-01 02:00:00+02:00,0.0,206,2016-04-07 15:09:23.611387968,0.99
206,A is in the I of the beholder #2: Wow this AI is very realistic,2016-04-07 16:15:11+02:00,2016-10-01 02:00:00+02:00,0.0,206,2016-09-02 12:37:43.323358059,0.5
206,A is in the I of the beholder #2: Wow this AI is very realistic,2016-04-07 16:15:11+02:00,2016-10-01 02:00:00+02:00,0.0,206,2016-09-28 05:30:44.319951057,0.21
206,A is in the I of the beholder #2: Wow this AI is very realistic,2016-04-07 16:15:11+02:00,2016-10-01 02:00:00+02:00,0.0,206,2016-09-29 08:01:45.081985712,0.06
206,A is in the I of the beholder #2: Wow this AI is very realistic,2016-04-07 16:15:11+02:00,2016-10-01 02:00:00+02:00,0.0,206,2016-09-29 08:31:30.321416616,0.02
206,A is in the I of the beholder #2: Wow this AI is very realistic,2016-04-07 16:15:11+02:00,2016-10-01 02:00:00+02:00,0.0,206,2016-04-07 15:07:38.295365095,0.56
206,A is in the I of the beholder #2: Wow this AI is very realistic,2016-04-07 16:15:11+02:00,2016-10-01 02:00:00+02:00,0.0,206,2016-04-07 15:08:32.800379038,0.99
206,A is in the I of the beholder #2: Wow this AI is very realistic,2016-04-07 16:15:11+02:00,2016-10-01 02:00:00+02:00,0.0,206,2016-04-07 15:09:19.176892996,0.73
206,A is in the I of the beholder #2: Wow this AI is very realistic,2016-04-07 16:15:11+02:00,2016-10-01 02:00:00+02:00,0.0,206,2016-04-07 15:09:23.611387968,0.99
206,A is in the I of the beholder #2: Wow this AI is very realistic,2016-04-07 16:15:11+02:00,2016-10-01 02:00:00+02:00,0.0,206,2016-09-02 12:37:43.323358059,0.5
206,A is in the I of the beholder #2: Wow this AI is very realistic,2016-04-07 16:15:11+02:00,2016-10-01 02:00:00+02:00,0.0,206,2016-09-28 05:30:44.319951057,0.21
206,A is in the I of the beholder #2: Wow this AI is very realistic,2016-04-07 16:15:11+02:00,2016-10-01 02:00:00+02:00,0.0,206,2016-09-29 08:01:45.081985712,0.06
206,A is in the I of the beholder #2: Wow this AI is very realistic,2016-04-07 16:15:11+02:00,2016-10-01 02:00:00+02:00,0.0,206,2016-09-29 08:31:30.321416616,0.02
206,A is in the I of the beholder #2: Wow this AI is very realistic,2016-04-07 16:15:11+02:00,2016-10-01 02:00:00+02:00,0.0,206,2016-04-12 19:28:34.665869951,0.53
206,A is in the I of the beholder #2: Wow this AI is very realistic,2016-04-07 16:15:11+02:00,2016-10-01 02:00:00+02:00,0.0,206,2016-04-12 19:28:34.665869951,0.53
206,A is in the I of the beholder #2: Wow this AI is very realistic,2016-04-07 16:15:11+02:00,2016-10-01 02:00:00+02:00,0.0,206,2016-04-09 00:54:48.551666975,0.68
206,A is in the I of the beholder #2: Wow this AI is very realistic,2016-04-07 16:15:11+02:00,2016-10-01 02:00:00+02:00,0.0,206,2016-04-09 00:54:48.551666975,0.68
206,A is in the I of the beholder #2: Wow this AI is very realistic,2016-04-07 16:15:11+02:00,2016-10-01 02:00:00+02:00,0.0,206,2016-04-07 22:07:39.961091995,0.53
206,A is in the I of the beholder #2: Wow this AI is very realistic,2016-04-07 16:15:11+02:00,2016-10-01 02:00:00+02:00,0.0,206,2016-04-07 22:07:39.961091995,0.53
206,A is in the I of the beholder #2: Wow this AI is very realistic,2016-04-07 16:15:11+02:00,2016-10-01 02:00:00+02:00,0.0,206,2016-04-07 22:07:39.961091995,0.53
206,A is in the I of the beholder #2: Wow this AI is very realistic,2016-04-07 16:15:11+02:00,2016-10-01 02:00:00+02:00,0.0,206,2016-04-07 22:07:39.961091995,0.53
206,A is in the I of the beholder #2: Wow this AI is very realistic,2016-04-07 16:15:11+02:00,2016-10-01 02:00:00+02:00,0.0,206,2016-09-16 21:06:04.810314894,0.5
206,A is in the I of the beholder #2: Wow this AI is very realistic,2016-04-07 16:15:11+02:00,2016-10-01 02:00:00+02:00,0.0,206,2016-04-07 17:55:21.274868011,0.99
206,A is in the I of the beholder #2: Wow this AI is very realistic,2016-04-07 16:15:11+02:00,2016-10-01 02:00:00+02:00,0.0,206,2016-04-07 17:55:36.134373903,0.59
206,A is in the I of the beholder #2: Wow this AI is very realistic,2016-04-07 16:15:11+02:00,2016-10-01 02:00:00+02:00,0.0,206,2016-04-08 21:02:56.014960051,0.5
206,A is in the I of the beholder #2: Wow this AI is very realistic,2016-04-07 16:15:11+02:00,2016-10-01 02:00:00+02:00,0.0,206,2016-09-27 14:29:26.207315922,0.49
206,A is in the I of the beholder #2: Wow this AI is very realistic,2016-04-07 16:15:11+02:00,2016-10-01 02:00:00+02:00,0.0,206,2016-04-07 17:55:21.274868011,0.99
206,A is in the I of the beholder #2: Wow this AI is very realistic,2016-04-07 16:15:11+02:00,2016-10-01 02:00:00+02:00,0.0,206,2016-04-07 17:55:36.134373903,0.59
206,A is in the I of the beholder #2: Wow this AI is very realistic,2016-04-07 16:15:11+02:00,2016-10-01 02:00:00+02:00,0.0,206,2016-04-08 21:02:56.014960051,0.5
206,A is in the I of the beholder #2: Wow this AI is very realistic,2016-04-07 16:15:11+02:00,2016-10-01 02:00:00+02:00,0.0,206,2016-09-27 14:29:26.207315922,0.49
206,A is in the I of the beholder #2: Wow this AI is very realistic,2016-04-07 16:15:11+02:00,2016-10-01 02:00:00+02:00,0.0,206,2016-09-19 11:28:25.762419939,0.16
206,A is in the I of the beholder #2: Wow this AI is very realistic,2016-04-07 16:15:11+02:00,2016-10-01 02:00:00+02:00,0.0,206,2016-09-19 11:28:25.762419939,0.16
206,A is in the I of the beholder #2: Wow this AI is very realistic,2016-04-07 16:15:11+02:00,2016-10-01 02:00:00+02:00,0.0,206,2016-06-20 03:35:18.628146887,0.15
206,A is in the I of the beholder #2: Wow this AI is very realistic,2016-04-07 16:15:11+02:00,2016-10-01 02:00:00+02:00,0.0,206,2016-06-20 03:35:18.628146887,0.15
206,A is in the I of the beholder #2: Wow this AI is very realistic,2016-04-07 16:15:11+02:00,2016-10-01 02:00:00+02:00,0.0,206,2016-06-20 03:35:18.628146887,0.15
206,A is in the I of the beholder #2: Wow this AI is very realistic,2016-04-07 16:15:11+02:00,2016-10-01 02:00:00+02:00,0.0,206,2016-04-09 22:17:35.792561054,0.65
206,A is in the I of the beholder #2: Wow this AI is very realistic,2016-04-07 16:15:11+02:00,2016-10-01 02:00:00+02:00,0.0,206,2016-07-18 17:36:35.373891115,0.38
206,A is in the I of the beholder #2: Wow this AI is very realistic,2016-04-07 16:15:11+02:00,2016-10-01 02:00:00+02:00,0.0,206,2016-08-30 04:24:42.329308033,0.64
206,A is in the I of the beholder #2: Wow this AI is very realistic,2016-04-07 16:15:11+02:00,2016-10-01 02:00:00+02:00,0.0,206,2016-07-18 17:36:35.373891115,0.38
206,A is in the I of the beholder #2: Wow this AI is very realistic,2016-04-07 16:15:11+02:00,2016-10-01 02:00:00+02:00,0.0,206,2016-08-30 04:24:42.329308033,0.64
206,A is in the I of the beholder #2: Wow this AI is very realistic,2016-04-07 16:15:11+02:00,2016-10-01 02:00:00+02:00,0.0,206,2016-07-18 17:36:35.373891115,0.38
206,A is in the I of the beholder #2: Wow this AI is very realistic,2016-04-07 16:15:11+02:00,2016-10-01 02:00:00+02:00,0.0,206,2016-08-30 04:24:42.329308033,0.64
206,A is in the I of the beholder #2: Wow this AI is very realistic,2016-04-07 16:15:11+02:00,2016-10-01 02:00:00+02:00,0.0,206,2016-07-18 17:36:35.373891115,0.38
206,A is in the I of the beholder #2: Wow this AI is very realistic,2016-04-07 16:15:11+02:00,2016-10-01 02:00:00+02:00,0.0,206,2016-08-30 04:24:42.329308033,0.64
206,A is in the I of the beholder #2: Wow this AI is very realistic,2016-04-07 16:15:11+02:00,2016-10-01 02:00:00+02:00,0.0,206,2016-05-15 22:55:44.091624022,0.9
206,A is in the I of the beholder #2: Wow this AI is very realistic,2016-04-07 16:15:11+02:00,2016-10-01 02:00:00+02:00,0.0,206,2016-05-15 22:55:44.091624022,0.9
206,A is in the I of the beholder #2: Wow this AI is very realistic,2016-04-07 16:15:11+02:00,2016-10-01 02:00:00+02:00,0.0,206,2016-09-16 18:13:25.373792887,0.51
206,A is in the I of the beholder #2: Wow this AI is very realistic,2016-04-07 16:15:11+02:00,2016-10-01 02:00:00+02:00,0.0,206,2016-09-21 02:20:41.413058996,0.99
206,A is in the I of the beholder #2: Wow this AI is very realistic,2016-04-07 16:15:11+02:00,2016-10-01 02:00:00+02:00,0.0,206,2016-09-21 02:20:41.413058996,0.99
206,A is in the I of the beholder #2: Wow this AI is very realistic,2016-04-07 16:15:11+02:00,2016-10-01 02:00:00+02:00,0.0,206,2016-04-07 23:52:53.618710995,0.44
206,A is in the I of the beholder #2: Wow this AI is very realistic,2016-04-07 16:15:11+02:00,2016-10-01 02:00:00+02:00,0.0,206,2016-04-07 23:52:53.618710995,0.44
206,A is in the I of the beholder #2: Wow this AI is very realistic,2016-04-07 16:15:11+02:00,2016-10-01 02:00:00+02:00,0.0,206,2016-08-28 20:26:03.361021042,0.6
206,A is in the I of the beholder #2: Wow this AI is very realistic,2016-04-07 16:15:11+02:00,2016-10-01 02:00:00+02:00,0.0,206,2016-08-28 20:26:03.361021042,0.6
206,A is in the I of the beholder #2: Wow this AI is very realistic,2016-04-07 16:15:11+02:00,2016-10-01 02:00:00+02:00,0.0,206,2016-09-18 04:14:12.813245058,0.44
206,A is in the I of the beholder #2: Wow this AI is very realistic,2016-04-07 16:15:11+02:00,2016-10-01 02:00:00+02:00,0.0,206,2016-09-18 04:14:12.813245058,0.44
206,A is in the I of the beholder #2: Wow this AI is very realistic,2016-04-07 16:15:11+02:00,2016-10-01 02:00:00+02:00,0.0,206,2016-09-18 04:14:12.813245058,0.44
206,A is in the I of the beholder #2: Wow this AI is very realistic,2016-04-07 16:15:11+02:00,2016-10-01 02:00:00+02:00,0.0,206,2016-07-24 01:00:25.328629971,0.44
206,A is in the I of the beholder #2: Wow this AI is very realistic,2016-04-07 16:15:11+02:00,2016-10-01 02:00:00+02:00,0.0,206,2016-07-24 01:00:25.328629971,0.44
206,A is in the I of the beholder #2: Wow this AI is very realistic,2016-04-07 16:15:11+02:00,2016-10-01 02:00:00+02:00,0.0,206,2016-07-24 01:00:25.328629971,0.44
206,A is in the I of the beholder #2: Wow this AI is very realistic,2016-04-07 16:15:11+02:00,2016-10-01 02:00:00+02:00,0.0,206,2016-06-30 19:36:57.318001986,0.45
206,A is in the I of the beholder #2: Wow this AI is very realistic,2016-04-07 16:15:11+02:00,2016-10-01 02:00:00+02:00,0.0,206,2016-06-30 19:36:57.318001986,0.45
206,A is in the I of the beholder #2: Wow this AI is very realistic,2016-04-07 16:15:11+02:00,2016-10-01 02:00:00+02:00,0.0,206,2016-04-26 21:36:21.413418055,0.53
206,A is in the I of the beholder #2: Wow this AI is very realistic,2016-04-07 16:15:11+02:00,2016-10-01 02:00:00+02:00,0.0,206,2016-04-26 21:36:21.413418055,0.53
206,A is in the I of the beholder #2: Wow this AI is very realistic,2016-04-07 16:15:11+02:00,2016-10-01 02:00:00+02:00,0.0,206,2016-04-26 21:36:21.413418055,0.53
206,A is in the I of the beholder #2: Wow this AI is very realistic,2016-04-07 16:15:11+02:00,2016-10-01 02:00:00+02:00,0.0,206,2016-04-11 04:21:26.819890976,0.39
206,A is in the I of the beholder #2: Wow this AI is very realistic,2016-04-07 16:15:11+02:00,2016-10-01 02:00:00+02:00,0.0,206,2016-09-17 06:59:27.273742914,0.48
206,A is in the I of the beholder #2: Wow this AI is very realistic,2016-04-07 16:15:11+02:00,2016-10-01 02:00:00+02:00,0.0,206,2016-09-17 06:59:27.273742914,0.48
206,A is in the I of the beholder #2: Wow this AI is very realistic,2016-04-07 16:15:11+02:00,2016-10-01 02:00:00+02:00,0.0,206,2016-04-26 22:33:39.412281036,0.4
206,A is in the I of the beholder #2: Wow this AI is very realistic,2016-04-07 16:15:11+02:00,2016-10-01 02:00:00+02:00,0.0,206,2016-04-26 22:33:39.412281036,0.4
206,A is in the I of the beholder #2: Wow this AI is very realistic,2016-04-07 16:15:11+02:00,2016-10-01 02:00:00+02:00,0.0,206,2016-08-03 02:50:27.384186983,0.99
206,A is in the I of the beholder #2: Wow this AI is very realistic,2016-04-07 16:15:11+02:00,2016-10-01 02:00:00+02:00,0.0,206,2016-08-02 15:17:00.781014919,0.3
206,A is in the I of the beholder #2: Wow this AI is very realistic,2016-04-07 16:15:11+02:00,2016-10-01 02:00:00+02:00,0.0,206,2016-08-02 15:17:00.781014919,0.3
206,A is in the I of the beholder #2: Wow this AI is very realistic,2016-04-07 16:15:11+02:00,2016-10-01 02:00:00+02:00,0.0,206,2016-09-14 19:16:42.587903023,0.99
206,A is in the I of the beholder #2: Wow this AI is very realistic,2016-04-07 16:15:11+02:00,2016-10-01 02:00:00+02:00,0.0,206,2016-08-08 02:23:00.363549948,0.2
206,A is in the I of the beholder #2: Wow this AI is very realistic,2016-04-07 16:15:11+02:00,2016-10-01 02:00:00+02:00,0.0,206,2016-04-07 18:03:27.889940977,0.7
206,A is in the I of the beholder #2: Wow this AI is very realistic,2016-04-07 16:15:11+02:00,2016-10-01 02:00:00+02:00,0.0,206,2016-04-09 05:02:21.887185097,0.5
206,A is in the I of the beholder #2: Wow this AI is very realistic,2016-04-07 16:15:11+02:00,2016-10-01 02:00:00+02:00,0.0,206,2016-04-07 18:03:27.889940977,0.7
206,A is in the I of the beholder #2: Wow this AI is very realistic,2016-04-07 16:15:11+02:00,2016-10-01 02:00:00+02:00,0.0,206,2016-04-09 05:02:21.887185097,0.5
206,A is in the I of the beholder #2: Wow this AI is very realistic,2016-04-07 16:15:11+02:00,2016-10-01 02:00:00+02:00,0.0,206,2016-04-07 18:03:27.889940977,0.7
206,A is in the I of the beholder #2: Wow this AI is very realistic,2016-04-07 16:15:11+02:00,2016-10-01 02:00:00+02:00,0.0,206,2016-04-09 05:02:21.887185097,0.5
206,A is in the I of the beholder #2: Wow this AI is very realistic,2016-04-07 16:15:11+02:00,2016-10-01 02:00:00+02:00,0.0,206,2016-04-07 18:03:27.889940977,0.7
206,A is in the I of the beholder #2: Wow this AI is very realistic,2016-04-07 16:15:11+02:00,2016-10-01 02:00:00+02:00,0.0,206,2016-04-09 05:02:21.887185097,0.5
206,A is in the I of the beholder #2: Wow this AI is very realistic,2016-04-07 16:15:11+02:00,2016-10-01 02:00:00+02:00,0.0,206,2016-04-07 18:03:27.889940977,0.7
206,A is in the I of the beholder #2: Wow this AI is very realistic,2016-04-07 16:15:11+02:00,2016-10-01 02:00:00+02:00,0.0,206,2016-04-09 05:02:21.887185097,0.5
206,A is in the I of the beholder #2: Wow this AI is very realistic,2016-04-07 16:15:11+02:00,2016-10-01 02:00:00+02:00,0.0,206,2016-08-10 02:13:10.688170910,0.75
206,A is in the I of the beholder #2: Wow this AI is very realistic,2016-04-07 16:15:11+02:00,2016-10-01 02:00:00+02:00,0.0,206,2016-06-20 03:11:12.458718061,0.6
206,A is in the I of the beholder #2: Wow this AI is very realistic,2016-04-07 16:15:11+02:00,2016-10-01 02:00:00+02:00,0.0,206,2016-09-18 16:25:47.735702038,0.31
206,A is in the I of the beholder #2: Wow this AI is very realistic,2016-04-07 16:15:11+02:00,2016-10-01 02:00:00+02:00,0.0,206,2016-09-18 16:25:47.735702038,0.31
